Air_exterior          	1	1.0000e+00	1	0.0000e+00	1.2930e+00
Air_internal          	2	1.0000e+00	1	0.0000e+00	1.2930e+00
BloodA                	3	6.2882e+01	1	1.4224e+00	1.0400e+03
Blood_vessels         	5	4.5729e+01	1	6.0769e-01	1.0400e+03
Bones                 	6	1.2790e+01	1	1.0945e-01	1.9900e+03
Gray Matter           	7	5.4755e+01	1	8.1439e-01	1.0380e+03
White matter          	8	4.0274e+01	1	4.9913e-01	1.0380e+03
Cartilage             	11	4.3971e+01	1	6.5480e-01	1.0970e+03
Cerebellum            	12	5.2240e+01	1	1.1220e+00	1.0380e+03
CSF                    	13	6.9187e+01	1	2.3009e+00	1.0072e+03
Commissura_anterior    	14	4.0274e+01	1	4.9913e-01	1.0410e+03
Commissura_posterior   	15	4.0274e+01	1	4.9913e-01	1.0410e+03
Connective_tissue      	16	4.6748e+01	1	6.1099e-01	1.0270e+03
Cornea                 	17	5.7021e+01	1	1.2669e+00	1.0760e+03
Ear_cartilage          	19	4.3971e+01	1	6.5480e-01	1.0970e+03
Ear_skin               	20	4.3686e+01	1	7.6047e-01	1.1250e+03
Esophagus              	22	6.6474e+01	1	1.0705e+00	1.0400e+03
Eye_lens               	23	4.7509e+01	1	7.1348e-01	1.0530e+03
Air_esophagus          	24	1.0000e+00	1	0.0000e+00	1.2930e+00
Eye_Sclera             	25	5.6581e+01	1	1.0670e+00	1.0260e+03
Eye_vitreous_humor     	26	6.8970e+01	1	1.5621e+00	1.0089e+03
Fat                    	27	1.1515e+01	1	9.0142e-02	9.1600e+02
Hippocampus            	31	5.4755e+01	1	8.1439e-01	1.0450e+03
Hypophysis             	32	6.0835e+01	1	9.3404e-01	1.0530e+03
Hypothalamus           	33	5.4755e+01	1	8.1439e-01	1.0530e+03
Intervertebral_disc    	34	4.3971e+01	1	6.5480e-01	1.1000e+03
Larynx                 	39	4.3971e+01	1	6.5480e-01	1.1000e+03
Lung                   	41	2.2795e+01	1	4.0520e-01	2.6000e+02
Mandible               	42	1.2790e+01	1	1.0945e-01	1.9080e+03
Marrow_red             	43	1.1628e+01	1	1.9852e-01	1.0400e+03
Medulla_oblongata      	44	5.2240e+01	1	1.1220e+00	1.0460e+03
Midbrain               	46	5.2240e+01	1	1.1220e+00	1.0460e+03
Mucosa                 	47	4.7752e+01	1	7.3433e-01	1.0400e+03
Muscle                 	48	5.6195e+01	1	8.5225e-01	1.0469e+03
Nerve                  	49	3.3795e+01	1	4.9489e-01	1.0380e+03
Pharynx                	53	1.0000e+00	1	0.0000e+00	1.2930e+00
Pinealbody             	54	6.0835e+01	1	9.3404e-01	1.0530e+03
Pons                   	55	5.2240e+01	1	1.1220e+00	1.0460e+03
SAT                    	57	1.1515e+01	1	9.0142e-02	9.1100e+02
Skin                   	58	4.3686e+01	1	7.6047e-01	1.1250e+03
Skull                  	59	1.2790e+01	1	1.0945e-01	1.9200e+03
Spinal cord            	62	3.3795e+01	1	4.9489e-01	1.0750e+03
Teeth                  	66	1.2790e+01	1	1.0945e-01	2.1600e+03
Tendon_Ligament        	67	4.6748e+01	1	6.1099e-01	1.2200e+03
Thalamus               	69	5.4755e+01	1	8.1439e-01	1.0450e+03
Thyroid_gland          	71	6.0835e+01	1	9.3404e-01	1.0500e+03
Tongue                 	72	5.6338e+01	1	8.3029e-01	1.0900e+03
Trachea                	73	4.2985e+01	1	6.8400e-01	1.0800e+03
Air_trachea            	74	1.0000e+00	1	0.0000e+00	1.2930e+00
Vein                   	76	6.2882e+01	1	1.4224e+00	1.0400e+03
Vertebrae              	77	1.2790e+01	1	1.0945e-01	1.9080e+03
Tumor                  	80	5.6561e+01	1	8.7032e-01	1.0560e+03
Water (debye-15C)   	81	8.3753e+01	1	1.2347e-01	1.0000e+03
Salt_water (debye-23C) 	82	7.7191e+01	1	1.5241e+00	1.0076e+03
//-tissuename(cst)---tissueid#-----eps[]-------mu[]------sigma[S/m]----massdens[kg/m3]					
//-Model: duke-neck	//-Frequency: 0.6GHz					
