Air_exterior          	1	1.0000e+00	1	0.0000e+00	1.2930e+00
Air_internal          	2	1.0000e+00	1	0.0000e+00	1.2930e+00
BloodA                	3	6.3389e+01	1	1.4024e+00	1.0400e+03
Blood_vessels         	5	4.5953e+01	1	5.9487e-01	1.0400e+03
Bones                 	6	1.2860e+01	1	1.0454e-01	1.9900e+03
Gray Matter           	7	5.5238e+01	1	7.9416e-01	1.0380e+03
White matter          	8	4.0600e+01	1	4.8476e-01	1.0380e+03
Cartilage             	11	4.4253e+01	1	6.3622e-01	1.0970e+03
Cerebellum            	12	5.2922e+01	1	1.0983e+00	1.0380e+03
CSF                    	13	6.9662e+01	1	2.2941e+00	1.0072e+03
Commissura_anterior    	14	4.0600e+01	1	4.8476e-01	1.0410e+03
Commissura_posterior   	15	4.0600e+01	1	4.8476e-01	1.0410e+03
Connective_tissue      	16	4.6953e+01	1	5.9403e-01	1.0270e+03
Cornea                 	17	5.7432e+01	1	1.2471e+00	1.0760e+03
Ear_cartilage          	19	4.4253e+01	1	6.3622e-01	1.0970e+03
Ear_skin               	20	4.4250e+01	1	7.4210e-01	1.1250e+03
Esophagus              	22	6.6891e+01	1	1.0504e+00	1.0400e+03
Eye_lens               	23	4.7776e+01	1	6.9970e-01	1.0530e+03
Air_esophagus          	24	1.0000e+00	1	0.0000e+00	1.2930e+00
Eye_Sclera             	25	5.7011e+01	1	1.0497e+00	1.0260e+03
Eye_vitreous_humor     	26	6.8979e+01	1	1.5526e+00	1.0089e+03
Fat                    	27	1.1554e+01	1	8.7113e-02	9.1600e+02
Hippocampus            	31	5.5238e+01	1	7.9416e-01	1.0450e+03
Hypophysis             	32	6.1143e+01	1	9.1625e-01	1.0530e+03
Hypothalamus           	33	5.5238e+01	1	7.9416e-01	1.0530e+03
Intervertebral_disc    	34	4.4253e+01	1	6.3622e-01	1.1000e+03
Larynx                 	39	4.4253e+01	1	6.3622e-01	1.1000e+03
Lung                   	41	2.2981e+01	1	3.9706e-01	2.6000e+02
Mandible               	42	1.2860e+01	1	1.0454e-01	1.9080e+03
Marrow_red             	43	1.1715e+01	1	1.9350e-01	1.0400e+03
Medulla_oblongata      	44	5.2922e+01	1	1.0983e+00	1.0460e+03
Midbrain               	46	5.2922e+01	1	1.0983e+00	1.0460e+03
Mucosa                 	47	4.8143e+01	1	7.1700e-01	1.0400e+03
Muscle                 	48	5.6571e+01	1	8.3645e-01	1.0469e+03
Nerve                  	49	3.4091e+01	1	4.8227e-01	1.0380e+03
Pharynx                	53	1.0000e+00	1	0.0000e+00	1.2930e+00
Pinealbody             	54	6.1143e+01	1	9.1625e-01	1.0530e+03
Pons                   	55	5.2922e+01	1	1.0983e+00	1.0460e+03
SAT                    	57	1.1554e+01	1	8.7113e-02	9.1100e+02
Skin                   	58	4.4250e+01	1	7.4210e-01	1.1250e+03
Skull                  	59	1.2860e+01	1	1.0454e-01	1.9200e+03
Spinal cord            	62	3.4091e+01	1	4.8227e-01	1.0750e+03
Teeth                  	66	1.2860e+01	1	1.0454e-01	2.1600e+03
Tendon_Ligament        	67	4.6953e+01	1	5.9403e-01	1.2200e+03
Thalamus               	69	5.5238e+01	1	7.9416e-01	1.0450e+03
Thyroid_gland          	71	6.1143e+01	1	9.1625e-01	1.0500e+03
Tongue                 	72	5.6579e+01	1	8.1493e-01	1.0900e+03
Trachea                	73	4.3206e+01	1	6.7112e-01	1.0800e+03
Air_trachea            	74	1.0000e+00	1	0.0000e+00	1.2930e+00
Vein                   	76	6.3389e+01	1	1.4024e+00	1.0400e+03
Vertebrae              	77	1.2860e+01	1	1.0454e-01	1.9080e+03
Tumor                  	80	5.6591e+01	1	8.5827e-01	1.0560e+03
Water (debye-15C)   	81	8.3781e+01	1	1.0375e-01	1.0000e+03
Salt_water (debye-23C) 	82	7.7222e+01	1	1.5241e+00	1.0076e+03
//-tissuename(cst)---tissueid#-----eps[]-------mu[]------sigma[S/m]----massdens[kg/m3]					
//-Model: duke-neck	//-Frequency: 0.55GHz					
