Air_exterior          	1	1.0000e+00	1	0.0000e+00	1.2930e+00
Air_internal          	2	1.0000e+00	1	0.0000e+00	1.2930e+00
BloodA                	3	6.2403e+01	1	1.4417e+00	1.0400e+03
Blood_vessels         	5	4.5533e+01	1	6.2119e-01	1.0400e+03
Bones                 	6	1.2727e+01	1	1.1461e-01	1.9900e+03
Gray Matter           	7	5.4331e+01	1	8.3513e-01	1.0380e+03
White matter          	8	3.9987e+01	1	5.1389e-01	1.0380e+03
Cartilage             	11	4.3717e+01	1	6.7429e-01	1.0970e+03
Cerebellum            	12	5.1643e+01	1	1.1459e+00	1.0380e+03
CSF                    	13	6.8797e+01	1	2.3065e+00	1.0072e+03
Commissura_anterior    	14	3.9987e+01	1	5.1389e-01	1.0410e+03
Commissura_posterior   	15	3.9987e+01	1	5.1389e-01	1.0410e+03
Connective_tissue      	16	4.6542e+01	1	6.2881e-01	1.0270e+03
Cornea                 	17	5.6656e+01	1	1.2872e+00	1.0760e+03
Ear_cartilage          	19	4.3717e+01	1	6.7429e-01	1.0970e+03
Ear_skin               	20	4.3194e+01	1	7.7882e-01	1.1250e+03
Esophagus              	22	6.6070e+01	1	1.0905e+00	1.0400e+03
Eye_lens               	23	4.7249e+01	1	7.2728e-01	1.0530e+03
Air_esophagus          	24	1.0000e+00	1	0.0000e+00	1.2930e+00
Eye_Sclera             	25	5.6174e+01	1	1.0838e+00	1.0260e+03
Eye_vitreous_humor     	26	6.8960e+01	1	1.5724e+00	1.0089e+03
Fat                    	27	1.1476e+01	1	9.3305e-02	9.1600e+02
Hippocampus            	31	5.4331e+01	1	8.3513e-01	1.0450e+03
Hypophysis             	32	6.0531e+01	1	9.5205e-01	1.0530e+03
Hypothalamus           	33	5.4331e+01	1	8.3513e-01	1.0530e+03
Intervertebral_disc    	34	4.3717e+01	1	6.7429e-01	1.1000e+03
Larynx                 	39	4.3717e+01	1	6.7429e-01	1.1000e+03
Lung                   	41	2.2631e+01	1	4.1356e-01	2.6000e+02
Mandible               	42	1.2727e+01	1	1.1461e-01	1.9080e+03
Marrow_red             	43	1.1543e+01	1	2.0362e-01	1.0400e+03
Medulla_oblongata      	44	5.1643e+01	1	1.1459e+00	1.0460e+03
Midbrain               	46	5.1643e+01	1	1.1459e+00	1.0460e+03
Mucosa                 	47	4.7407e+01	1	7.5212e-01	1.0400e+03
Muscle                 	48	5.5838e+01	1	8.6760e-01	1.0469e+03
Nerve                  	49	3.3534e+01	1	5.0778e-01	1.0380e+03
Pharynx                	53	1.0000e+00	1	0.0000e+00	1.2930e+00
Pinealbody             	54	6.0531e+01	1	9.5205e-01	1.0530e+03
Pons                   	55	5.1643e+01	1	1.1459e+00	1.0460e+03
SAT                    	57	1.1476e+01	1	9.3305e-02	9.1100e+02
Skin                   	58	4.3194e+01	1	7.7882e-01	1.1250e+03
Skull                  	59	1.2727e+01	1	1.1461e-01	1.9200e+03
Spinal cord            	62	3.3534e+01	1	5.0778e-01	1.0750e+03
Teeth                  	66	1.2727e+01	1	1.1461e-01	2.1600e+03
Tendon_Ligament        	67	4.6542e+01	1	6.2881e-01	1.2200e+03
Thalamus               	69	5.4331e+01	1	8.3513e-01	1.0450e+03
Thyroid_gland          	71	6.0531e+01	1	9.5205e-01	1.0500e+03
Tongue                 	72	5.6125e+01	1	8.4642e-01	1.0900e+03
Trachea                	73	4.2789e+01	1	6.9745e-01	1.0800e+03
Air_trachea            	74	1.0000e+00	1	0.0000e+00	1.2930e+00
Vein                   	76	6.2403e+01	1	1.4417e+00	1.0400e+03
Vertebrae              	77	1.2727e+01	1	1.1461e-01	1.9080e+03
Tumor                  	80	5.6528e+01	1	8.8340e-01	1.0560e+03
Water (debye-15C)   	81	8.3723e+01	1	1.4488e-01	1.0000e+03
Salt_water (debye-23C) 	82	7.7167e+01	1	1.5241e+00	1.0076e+03
//-tissuename(cst)---tissueid#-----eps[]-------mu[]------sigma[S/m]----massdens[kg/m3]					
//-Model: duke-neck	//-Frequency: 0.65GHz					
