Air_exterior          	1	1.0000e+00	1	0.0000e+00	1.2930e+00
Air_internal          	2	1.0000e+00	1	0.0000e+00	1.2930e+00
BloodA                	3	6.4482e+01	1	1.3614e+00	1.0400e+03
Blood_vessels         	5	4.6535e+01	1	5.7124e-01	1.0400e+03
Bones                 	6	1.3025e+01	1	9.5479e-02	1.9900e+03
Gray Matter           	7	5.6478e+01	1	7.5513e-01	1.0380e+03
White matter          	8	4.1431e+01	1	4.5716e-01	1.0380e+03
Cartilage             	11	4.4943e+01	1	6.0186e-01	1.0970e+03
Cerebellum            	12	5.4675e+01	1	1.0514e+00	1.0380e+03
CSF                    	13	7.0950e+01	1	2.2760e+00	1.0072e+03
Commissura_anterior    	14	4.1431e+01	1	4.5716e-01	1.0410e+03
Commissura_posterior   	15	4.1431e+01	1	4.5716e-01	1.0410e+03
Connective_tissue      	16	4.7365e+01	1	5.6343e-01	1.0270e+03
Cornea                 	17	5.8474e+01	1	1.2095e+00	1.0760e+03
Ear_cartilage          	19	4.4943e+01	1	6.0186e-01	1.0970e+03
Ear_skin               	20	4.5701e+01	1	7.0516e-01	1.1250e+03
Esophagus              	22	6.7758e+01	1	1.0109e+00	1.0400e+03
Eye_lens               	23	4.8327e+01	1	6.7311e-01	1.0530e+03
Air_esophagus          	24	1.0000e+00	1	0.0000e+00	1.2930e+00
Eye_Sclera             	25	5.7931e+01	1	1.0142e+00	1.0260e+03
Eye_vitreous_humor     	26	6.8995e+01	1	1.5362e+00	1.0089e+03
Fat                    	27	1.1631e+01	1	8.1604e-02	9.1600e+02
Hippocampus            	31	5.6478e+01	1	7.5513e-01	1.0450e+03
Hypophysis             	32	6.1765e+01	1	8.8252e-01	1.0530e+03
Hypothalamus           	33	5.6478e+01	1	7.5513e-01	1.0530e+03
Intervertebral_disc    	34	4.4943e+01	1	6.0186e-01	1.1000e+03
Larynx                 	39	4.4943e+01	1	6.0186e-01	1.1000e+03
Lung                   	41	2.3452e+01	1	3.8137e-01	2.6000e+02
Mandible               	42	1.3025e+01	1	9.5479e-02	1.9080e+03
Marrow_red             	43	1.1893e+01	1	1.8403e-01	1.0400e+03
Medulla_oblongata      	44	5.4675e+01	1	1.0514e+00	1.0460e+03
Midbrain               	46	5.4675e+01	1	1.0514e+00	1.0460e+03
Mucosa                 	47	4.9135e+01	1	6.8362e-01	1.0400e+03
Muscle                 	48	5.7368e+01	1	8.0451e-01	1.0469e+03
Nerve                  	49	3.4839e+01	1	4.5781e-01	1.0380e+03
Pharynx                	53	1.0000e+00	1	0.0000e+00	1.2930e+00
Pinealbody             	54	6.1765e+01	1	8.8252e-01	1.0530e+03
Pons                   	55	5.4675e+01	1	1.0514e+00	1.0460e+03
SAT                    	57	1.1631e+01	1	8.1604e-02	9.1100e+02
Skin                   	58	4.5701e+01	1	7.0516e-01	1.1250e+03
Skull                  	59	1.3025e+01	1	9.5479e-02	1.9200e+03
Spinal cord            	62	3.4839e+01	1	4.5781e-01	1.0750e+03
Teeth                  	66	1.3025e+01	1	9.5479e-02	2.1600e+03
Tendon_Ligament        	67	4.7365e+01	1	5.6343e-01	1.2200e+03
Thalamus               	69	5.6478e+01	1	7.5513e-01	1.0450e+03
Thyroid_gland          	71	6.1765e+01	1	8.8252e-01	1.0500e+03
Tongue                 	72	5.7190e+01	1	7.8648e-01	1.0900e+03
Trachea                	73	4.3764e+01	1	6.4702e-01	1.0800e+03
Air_trachea            	74	1.0000e+00	1	0.0000e+00	1.2930e+00
Vein                   	76	6.4482e+01	1	1.3614e+00	1.0400e+03
Vertebrae              	77	1.3025e+01	1	9.5479e-02	1.9080e+03
Tumor                  	80	5.6644e+01	1	8.3743e-01	1.0560e+03
Water (debye-15C)   	81	8.3830e+01	1	6.9751e-02	1.0000e+03
Salt_water (debye-23C) 	82	7.7315e+01	1	1.5241e+00	1.0076e+03
//-tissuename(cst)---tissueid#-----eps[]-------mu[]------sigma[S/m]----massdens[kg/m3]					
//-Model: duke-neck	//-Frequency: 0.45GHz					
