Air_exterior          	1	1.0000e+00	1	0.0000e+00	1.2930e+00
Air_internal          	2	1.0000e+00	1	0.0000e+00	1.2930e+00
BloodA                	3	6.2639e+01	1	1.4322e+00	1.0400e+03
Blood_vessels         	5	4.5628e+01	1	6.1435e-01	1.0400e+03
Bones                 	6	1.2758e+01	1	1.1200e-01	1.9900e+03
Gray Matter           	7	5.4537e+01	1	8.2470e-01	1.0380e+03
White matter          	8	4.0126e+01	1	5.0646e-01	1.0380e+03
Cartilage             	11	4.3841e+01	1	6.6443e-01	1.0970e+03
Cerebellum            	12	5.1932e+01	1	1.1339e+00	1.0380e+03
CSF                    	13	6.8983e+01	1	2.3038e+00	1.0072e+03
Commissura_anterior    	14	4.0126e+01	1	5.0646e-01	1.0410e+03
Commissura_posterior   	15	4.0126e+01	1	5.0646e-01	1.0410e+03
Connective_tissue      	16	4.6645e+01	1	6.1980e-01	1.0270e+03
Cornea                 	17	5.6833e+01	1	1.2770e+00	1.0760e+03
Ear_cartilage          	19	4.3841e+01	1	6.6443e-01	1.0970e+03
Ear_skin               	20	4.3432e+01	1	7.6965e-01	1.1250e+03
Esophagus              	22	6.6271e+01	1	1.0806e+00	1.0400e+03
Eye_lens               	23	4.7378e+01	1	7.2039e-01	1.0530e+03
Air_esophagus          	24	1.0000e+00	1	0.0000e+00	1.2930e+00
Eye_Sclera             	25	5.6375e+01	1	1.0755e+00	1.0260e+03
Eye_vitreous_humor     	26	6.8965e+01	1	1.5671e+00	1.0089e+03
Fat                    	27	1.1495e+01	1	9.1708e-02	9.1600e+02
Hippocampus            	31	5.4537e+01	1	8.2470e-01	1.0450e+03
Hypophysis             	32	6.0683e+01	1	9.4303e-01	1.0530e+03
Hypothalamus           	33	5.4537e+01	1	8.2470e-01	1.0530e+03
Intervertebral_disc    	34	4.3841e+01	1	6.6443e-01	1.1000e+03
Larynx                 	39	4.3841e+01	1	6.6443e-01	1.1000e+03
Lung                   	41	2.2711e+01	1	4.0935e-01	2.6000e+02
Mandible               	42	1.2758e+01	1	1.1200e-01	1.9080e+03
Marrow_red             	43	1.1585e+01	1	2.0106e-01	1.0400e+03
Medulla_oblongata      	44	5.1932e+01	1	1.1339e+00	1.0460e+03
Midbrain               	46	5.1932e+01	1	1.1339e+00	1.0460e+03
Mucosa                 	47	4.7575e+01	1	7.4317e-01	1.0400e+03
Muscle                 	48	5.6014e+01	1	8.5999e-01	1.0469e+03
Nerve                  	49	3.3661e+01	1	5.0130e-01	1.0380e+03
Pharynx                	53	1.0000e+00	1	0.0000e+00	1.2930e+00
Pinealbody             	54	6.0683e+01	1	9.4303e-01	1.0530e+03
Pons                   	55	5.1932e+01	1	1.1339e+00	1.0460e+03
SAT                    	57	1.1495e+01	1	9.1708e-02	9.1100e+02
Skin                   	58	4.3432e+01	1	7.6965e-01	1.1250e+03
Skull                  	59	1.2758e+01	1	1.1200e-01	1.9200e+03
Spinal cord            	62	3.3661e+01	1	5.0130e-01	1.0750e+03
Teeth                  	66	1.2758e+01	1	1.1200e-01	2.1600e+03
Tendon_Ligament        	67	4.6645e+01	1	6.1980e-01	1.2200e+03
Thalamus               	69	5.4537e+01	1	8.2470e-01	1.0450e+03
Thyroid_gland          	71	6.0683e+01	1	9.4303e-01	1.0500e+03
Tongue                 	72	5.6228e+01	1	8.3826e-01	1.0900e+03
Trachea                	73	4.2885e+01	1	6.9066e-01	1.0800e+03
Air_trachea            	74	1.0000e+00	1	0.0000e+00	1.2930e+00
Vein                   	76	6.2639e+01	1	1.4322e+00	1.0400e+03
Vertebrae              	77	1.2758e+01	1	1.1200e-01	1.9080e+03
Tumor                  	80	5.6545e+01	1	8.7673e-01	1.0560e+03
Water (debye-15C)   	81	8.3738e+01	1	1.3396e-01	1.0000e+03
Salt_water (debye-23C) 	82	7.7178e+01	1	1.5241e+00	1.0076e+03
//-tissuename(cst)---tissueid#-----eps[]-------mu[]------sigma[S/m]----massdens[kg/m3]					
//-Model: duke-neck	//-Frequency: 0.625GHz					
