Air_exterior          	1	1.0000e+00	1	0.0000e+00	1.2930e+00
Air_internal          	2	1.0000e+00	1	0.0000e+00	1.2930e+00
BloodA                	3	6.1137e+01	1	1.4940e+00	1.0400e+03
Blood_vessels         	5	4.5043e+01	1	6.6583e-01	1.0400e+03
Bones                 	6	1.2557e+01	1	1.3152e-01	1.9900e+03
Gray Matter           	7	5.3279e+01	1	9.0065e-01	1.0380e+03
White matter          	8	3.9270e+01	1	5.6074e-01	1.0380e+03
Cartilage             	11	4.3048e+01	1	7.3824e-01	1.0970e+03
Cerebellum            	12	5.0174e+01	1	1.2189e+00	1.0380e+03
CSF                    	13	6.7974e+01	1	2.3184e+00	1.0072e+03
Commissura_anterior    	14	3.9270e+01	1	5.6074e-01	1.0410e+03
Commissura_posterior   	15	3.9270e+01	1	5.6074e-01	1.0410e+03
Connective_tissue      	16	4.5911e+01	1	6.8627e-01	1.0270e+03
Cornea                 	17	5.5734e+01	1	1.3522e+00	1.0760e+03
Ear_cartilage          	19	4.3048e+01	1	7.3824e-01	1.0970e+03
Ear_skin               	20	4.1995e+01	1	8.3395e-01	1.1250e+03
Esophagus              	22	6.4945e+01	1	1.1480e+00	1.0400e+03
Eye_lens               	23	4.6512e+01	1	7.6763e-01	1.0530e+03
Air_esophagus          	24	1.0000e+00	1	0.0000e+00	1.2930e+00
Eye_Sclera             	25	5.5091e+01	1	1.1295e+00	1.0260e+03
Eye_vitreous_humor     	26	6.8927e+01	1	1.6083e+00	1.0089e+03
Fat                    	27	1.1356e+01	1	1.0338e-01	9.1600e+02
Hippocampus            	31	5.3279e+01	1	9.0065e-01	1.0450e+03
Hypophysis             	32	5.9648e+01	1	1.0059e+00	1.0530e+03
Hypothalamus           	33	5.3279e+01	1	9.0065e-01	1.0530e+03
Intervertebral_disc    	34	4.3048e+01	1	7.3824e-01	1.1000e+03
Larynx                 	39	4.3048e+01	1	7.3824e-01	1.1000e+03
Lung                   	41	2.2219e+01	1	4.3995e-01	2.6000e+02
Mandible               	42	1.2557e+01	1	1.3152e-01	1.9080e+03
Marrow_red             	43	1.1295e+01	1	2.1895e-01	1.0400e+03
Medulla_oblongata      	44	5.0174e+01	1	1.2189e+00	1.0460e+03
Midbrain               	46	5.0174e+01	1	1.2189e+00	1.0460e+03
Mucosa                 	47	4.6541e+01	1	8.0839e-01	1.0400e+03
Muscle                 	48	5.4876e+01	1	9.0990e-01	1.0469e+03
Nerve                  	49	3.2877e+01	1	5.4822e-01	1.0380e+03
Pharynx                	53	1.0000e+00	1	0.0000e+00	1.2930e+00
Pinealbody             	54	5.9648e+01	1	1.0059e+00	1.0530e+03
Pons                   	55	5.0174e+01	1	1.2189e+00	1.0460e+03
SAT                    	57	1.1356e+01	1	1.0338e-01	9.1100e+02
Skin                   	58	4.1995e+01	1	8.3395e-01	1.1250e+03
Skull                  	59	1.2557e+01	1	1.3152e-01	1.9200e+03
Spinal cord            	62	3.2877e+01	1	5.4822e-01	1.0750e+03
Teeth                  	66	1.2557e+01	1	1.3152e-01	2.1600e+03
Tendon_Ligament        	67	4.5911e+01	1	6.8627e-01	1.2200e+03
Thalamus               	69	5.3279e+01	1	9.0065e-01	1.0450e+03
Thyroid_gland          	71	5.9648e+01	1	1.0059e+00	1.0500e+03
Tongue                 	72	5.5582e+01	1	8.9963e-01	1.0900e+03
Trachea                	73	4.2290e+01	1	7.4139e-01	1.0800e+03
Air_trachea            	74	1.0000e+00	1	0.0000e+00	1.2930e+00
Vein                   	76	6.1137e+01	1	1.4940e+00	1.0400e+03
Vertebrae              	77	1.2557e+01	1	1.3152e-01	1.9080e+03
Tumor                  	80	5.6415e+01	1	9.2868e-01	1.0560e+03
Water (debye-15C)   	81	8.3616e+01	1	2.1929e-01	1.0000e+03
Salt_water (debye-23C) 	82	7.7120e+01	1	1.5242e+00	1.0076e+03
//-tissuename(cst)---tissueid#-----eps[]-------mu[]------sigma[S/m]----massdens[kg/m3]					
//-Model: duke-neck	//-Frequency: 0.8GHz					
