Air_exterior          	1	1.0000e+00	1	0.0000e+00	1.2930e+00
Air_internal          	2	1.0000e+00	1	0.0000e+00	1.2930e+00
BloodA                	3	6.1953e+01	1	1.4601e+00	1.0400e+03
Blood_vessels         	5	4.5357e+01	1	6.3538e-01	1.0400e+03
Bones                 	6	1.2668e+01	1	1.2001e-01	1.9900e+03
Gray Matter           	7	5.3951e+01	1	8.5642e-01	1.0380e+03
White matter          	8	3.9729e+01	1	5.2908e-01	1.0380e+03
Cartilage             	11	4.3482e+01	1	6.9470e-01	1.0970e+03
Cerebellum            	12	5.1110e+01	1	1.1700e+00	1.0380e+03
CSF                    	13	6.8473e+01	1	2.3112e+00	1.0072e+03
Commissura_anterior    	14	3.9729e+01	1	5.2908e-01	1.0410e+03
Commissura_posterior   	15	3.9729e+01	1	5.2908e-01	1.0410e+03
Connective_tissue      	16	4.6334e+01	1	6.4737e-01	1.0270e+03
Cornea                 	17	5.6326e+01	1	1.3082e+00	1.0760e+03
Ear_cartilage          	19	4.3482e+01	1	6.9470e-01	1.0970e+03
Ear_skin               	20	4.2757e+01	1	7.9719e-01	1.1250e+03
Esophagus              	22	6.5680e+01	1	1.1102e+00	1.0400e+03
Eye_lens               	23	4.6995e+01	1	7.4098e-01	1.0530e+03
Air_esophagus          	24	1.0000e+00	1	0.0000e+00	1.2930e+00
Eye_Sclera             	25	5.5790e+01	1	1.0998e+00	1.0260e+03
Eye_vitreous_humor     	26	6.8949e+01	1	1.5835e+00	1.0089e+03
Fat                    	27	1.1436e+01	1	9.6580e-02	9.1600e+02
Hippocampus            	31	5.3951e+01	1	8.5642e-01	1.0450e+03
Hypophysis             	32	6.0231e+01	1	9.7014e-01	1.0530e+03
Hypothalamus           	33	5.3951e+01	1	8.5642e-01	1.0530e+03
Intervertebral_disc    	34	4.3482e+01	1	6.9470e-01	1.1000e+03
Larynx                 	39	4.3482e+01	1	6.9470e-01	1.1000e+03
Lung                   	41	2.2483e+01	1	4.2214e-01	2.6000e+02
Mandible               	42	1.2668e+01	1	1.2001e-01	1.9080e+03
Marrow_red             	43	1.1458e+01	1	2.0875e-01	1.0400e+03
Medulla_oblongata      	44	5.1110e+01	1	1.1700e+00	1.0460e+03
Midbrain               	46	5.1110e+01	1	1.1700e+00	1.0460e+03
Mucosa                 	47	4.7096e+01	1	7.7040e-01	1.0400e+03
Muscle                 	48	5.5499e+01	1	8.8238e-01	1.0469e+03
Nerve                  	49	3.3298e+01	1	5.2097e-01	1.0380e+03
Pharynx                	53	1.0000e+00	1	0.0000e+00	1.2930e+00
Pinealbody             	54	6.0231e+01	1	9.7014e-01	1.0530e+03
Pons                   	55	5.1110e+01	1	1.1700e+00	1.0460e+03
SAT                    	57	1.1436e+01	1	9.6580e-02	9.1100e+02
Skin                   	58	4.2757e+01	1	7.9719e-01	1.1250e+03
Skull                  	59	1.2668e+01	1	1.2001e-01	1.9200e+03
Spinal cord            	62	3.3298e+01	1	5.2097e-01	1.0750e+03
Teeth                  	66	1.2668e+01	1	1.2001e-01	2.1600e+03
Tendon_Ligament        	67	4.6334e+01	1	6.4737e-01	1.2200e+03
Thalamus               	69	5.3951e+01	1	8.5642e-01	1.0450e+03
Thyroid_gland          	71	6.0231e+01	1	9.7014e-01	1.0500e+03
Tongue                 	72	5.5931e+01	1	8.6335e-01	1.0900e+03
Trachea                	73	4.2611e+01	1	7.1150e-01	1.0800e+03
Air_trachea            	74	1.0000e+00	1	0.0000e+00	1.2930e+00
Vein                   	76	6.1953e+01	1	1.4601e+00	1.0400e+03
Vertebrae              	77	1.2668e+01	1	1.2001e-01	1.9080e+03
Tumor                  	80	5.6493e+01	1	8.9749e-01	1.0560e+03
Water (debye-15C)   	81	8.3689e+01	1	1.6799e-01	1.0000e+03
Salt_water (debye-23C) 	82	7.7148e+01	1	1.5241e+00	1.0076e+03
//-tissuename(cst)---tissueid#-----eps[]-------mu[]------sigma[S/m]----massdens[kg/m3]					
//-Model: duke-neck	//-Frequency: 0.7GHz					
