Air_exterior          	1	1.0000e+00	1	0.0000e+00	1.2930e+00
Air_internal          	2	1.0000e+00	1	0.0000e+00	1.2930e+00
BloodA                	3	6.4778e+01	1	1.3509e+00	1.0400e+03
Blood_vessels         	5	4.6728e+01	1	5.6557e-01	1.0400e+03
Bones                 	6	1.3076e+01	1	9.3310e-02	1.9900e+03
Gray Matter           	7	5.6881e+01	1	7.4531e-01	1.0380e+03
White matter          	8	4.1699e+01	1	4.5025e-01	1.0380e+03
Cartilage             	11	4.5160e+01	1	5.9360e-01	1.0970e+03
Cerebellum            	12	5.5245e+01	1	1.0394e+00	1.0380e+03
CSF                    	13	7.1374e+01	1	2.2701e+00	1.0072e+03
Commissura_anterior    	14	4.1699e+01	1	4.5025e-01	1.0410e+03
Commissura_posterior   	15	4.1699e+01	1	4.5025e-01	1.0410e+03
Connective_tissue      	16	4.7474e+01	1	5.5641e-01	1.0270e+03
Cornea                 	17	5.8808e+01	1	1.2002e+00	1.0760e+03
Ear_cartilage          	19	4.5160e+01	1	5.9360e-01	1.0970e+03
Ear_skin               	20	4.6173e+01	1	6.9552e-01	1.1250e+03
Esophagus              	22	6.7988e+01	1	1.0012e+00	1.0400e+03
Eye_lens               	23	4.8472e+01	1	6.6667e-01	1.0530e+03
Air_esophagus          	24	1.0000e+00	1	0.0000e+00	1.2930e+00
Eye_Sclera             	25	5.8179e+01	1	1.0052e+00	1.0260e+03
Eye_vitreous_humor     	26	6.8998e+01	1	1.5326e+00	1.0089e+03
Fat                    	27	1.1651e+01	1	8.0333e-02	9.1600e+02
Hippocampus            	31	5.6881e+01	1	7.4531e-01	1.0450e+03
Hypophysis             	32	6.1926e+01	1	8.7446e-01	1.0530e+03
Hypothalamus           	33	5.6881e+01	1	7.4531e-01	1.0530e+03
Intervertebral_disc    	34	4.5160e+01	1	5.9360e-01	1.1000e+03
Larynx                 	39	4.5160e+01	1	5.9360e-01	1.1000e+03
Lung                   	41	2.3604e+01	1	3.7743e-01	2.6000e+02
Mandible               	42	1.3076e+01	1	9.3310e-02	1.9080e+03
Marrow_red             	43	1.1940e+01	1	1.8178e-01	1.0400e+03
Medulla_oblongata      	44	5.5245e+01	1	1.0394e+00	1.0460e+03
Midbrain               	46	5.5245e+01	1	1.0394e+00	1.0460e+03
Mucosa                 	47	4.9454e+01	1	6.7525e-01	1.0400e+03
Muscle                 	48	5.7582e+01	1	7.9648e-01	1.0469e+03
Nerve                  	49	3.5080e+01	1	4.5165e-01	1.0380e+03
Pharynx                	53	1.0000e+00	1	0.0000e+00	1.2930e+00
Pinealbody             	54	6.1926e+01	1	8.7446e-01	1.0530e+03
Pons                   	55	5.5245e+01	1	1.0394e+00	1.0460e+03
SAT                    	57	1.1651e+01	1	8.0333e-02	9.1100e+02
Skin                   	58	4.6173e+01	1	6.9552e-01	1.1250e+03
Skull                  	59	1.3076e+01	1	9.3310e-02	1.9200e+03
Spinal cord            	62	3.5080e+01	1	4.5165e-01	1.0750e+03
Teeth                  	66	1.3076e+01	1	9.3310e-02	2.1600e+03
Tendon_Ligament        	67	4.7474e+01	1	5.5641e-01	1.2200e+03
Thalamus               	69	5.6881e+01	1	7.4531e-01	1.0450e+03
Thyroid_gland          	71	6.1926e+01	1	8.7446e-01	1.0500e+03
Tongue                 	72	5.7386e+01	1	7.7961e-01	1.0900e+03
Trachea                	73	4.3943e+01	1	6.4114e-01	1.0800e+03
Air_trachea            	74	1.0000e+00	1	0.0000e+00	1.2930e+00
Vein                   	76	6.4778e+01	1	1.3509e+00	1.0400e+03
Vertebrae              	77	1.3076e+01	1	9.3310e-02	1.9080e+03
Tumor                  	80	5.6655e+01	1	8.3281e-01	1.0560e+03
Water (debye-15C)   	81	8.3841e+01	1	6.2225e-02	1.0000e+03
Salt_water (debye-23C) 	82	7.7350e+01	1	1.5241e+00	1.0076e+03
//-tissuename(cst)---tissueid#-----eps[]-------mu[]------sigma[S/m]----massdens[kg/m3]					
//-Model: duke-neck	//-Frequency: 0.425GHz					
