Air_exterior          	1	1.0000e+00	1	0.0000e+00	1.2930e+00
Air_internal          	2	1.0000e+00	1	0.0000e+00	1.2930e+00
BloodA                	3	6.0595e+01	1	1.5168e+00	1.0400e+03
Blood_vessels         	5	4.4826e+01	1	6.9044e-01	1.0400e+03
Bones                 	6	1.2477e+01	1	1.4075e-01	1.9900e+03
Gray Matter           	7	5.2826e+01	1	9.3512e-01	1.0380e+03
White matter          	8	3.8958e+01	1	5.8550e-01	1.0380e+03
Cartilage             	11	4.2740e+01	1	7.7318e-01	1.0970e+03
Cerebellum            	12	4.9553e+01	1	1.2558e+00	1.0380e+03
CSF                    	13	6.7693e+01	1	2.3224e+00	1.0072e+03
Commissura_anterior    	14	3.8958e+01	1	5.8550e-01	1.0410e+03
Commissura_posterior   	15	3.8958e+01	1	5.8550e-01	1.0410e+03
Connective_tissue      	16	4.5589e+01	1	7.1656e-01	1.0270e+03
Cornea                 	17	5.5328e+01	1	1.3868e+00	1.0760e+03
Ear_cartilage          	19	4.2740e+01	1	7.7318e-01	1.0970e+03
Ear_skin               	20	4.1495e+01	1	8.6141e-01	1.1250e+03
Esophagus              	22	6.4434e+01	1	1.1745e+00	1.0400e+03
Eye_lens               	23	4.6171e+01	1	7.8666e-01	1.0530e+03
Air_esophagus          	24	1.0000e+00	1	0.0000e+00	1.2930e+00
Eye_Sclera             	25	5.4625e+01	1	1.1494e+00	1.0260e+03
Eye_vitreous_humor     	26	6.8907e+01	1	1.6290e+00	1.0089e+03
Fat                    	27	1.1296e+01	1	1.0861e-01	9.1600e+02
Hippocampus            	31	5.2826e+01	1	9.3512e-01	1.0450e+03
Hypophysis             	32	5.9228e+01	1	1.0320e+00	1.0530e+03
Hypothalamus           	33	5.2826e+01	1	9.3512e-01	1.0530e+03
Intervertebral_disc    	34	4.2740e+01	1	7.7318e-01	1.1000e+03
Larynx                 	39	4.2740e+01	1	7.7318e-01	1.1000e+03
Lung                   	41	2.2039e+01	1	4.5382e-01	2.6000e+02
Mandible               	42	1.2477e+01	1	1.4075e-01	1.9080e+03
Marrow_red             	43	1.1177e+01	1	2.2643e-01	1.0400e+03
Medulla_oblongata      	44	4.9553e+01	1	1.2558e+00	1.0460e+03
Midbrain               	46	4.9553e+01	1	1.2558e+00	1.0460e+03
Mucosa                 	47	4.6164e+01	1	8.3802e-01	1.0400e+03
Muscle                 	48	5.4457e+01	1	9.2862e-01	1.0469e+03
Nerve                  	49	3.2592e+01	1	5.6931e-01	1.0380e+03
Pharynx                	53	1.0000e+00	1	0.0000e+00	1.2930e+00
Pinealbody             	54	5.9228e+01	1	1.0320e+00	1.0530e+03
Pons                   	55	4.9553e+01	1	1.2558e+00	1.0460e+03
SAT                    	57	1.1296e+01	1	1.0861e-01	9.1100e+02
Skin                   	58	4.1495e+01	1	8.6141e-01	1.1250e+03
Skull                  	59	1.2477e+01	1	1.4075e-01	1.9200e+03
Spinal cord            	62	3.2592e+01	1	5.6931e-01	1.0750e+03
Teeth                  	66	1.2477e+01	1	1.4075e-01	2.1600e+03
Tendon_Ligament        	67	4.5589e+01	1	7.1656e-01	1.2200e+03
Thalamus               	69	5.2826e+01	1	9.3512e-01	1.0450e+03
Thyroid_gland          	71	5.9228e+01	1	1.0320e+00	1.0500e+03
Tongue                 	72	5.5340e+01	1	9.2893e-01	1.0900e+03
Trachea                	73	4.2068e+01	1	7.6534e-01	1.0800e+03
Air_trachea            	74	1.0000e+00	1	0.0000e+00	1.2930e+00
Vein                   	76	6.0595e+01	1	1.5168e+00	1.0400e+03
Vertebrae              	77	1.2477e+01	1	1.4075e-01	1.9080e+03
Tumor                  	80	5.6351e+01	1	9.5467e-01	1.0560e+03
Water (debye-15C)   	81	8.3555e+01	1	2.6218e-01	1.0000e+03
Salt_water (debye-23C) 	82	7.7105e+01	1	1.5242e+00	1.0076e+03
//-tissuename(cst)---tissueid#-----eps[]-------mu[]------sigma[S/m]----massdens[kg/m3]					
//-Model: duke-neck	//-Frequency: 0.875GHz					
