Air_exterior          	1	1.0000e+00	1	0.0000e+00	1.2930e+00
Air_internal          	2	1.0000e+00	1	0.0000e+00	1.2930e+00
BloodA                	3	6.3654e+01	1	1.3922e+00	1.0400e+03
Blood_vessels         	5	4.6079e+01	1	5.8870e-01	1.0400e+03
Bones                 	6	1.2897e+01	1	1.0217e-01	1.9900e+03
Gray Matter           	7	5.5509e+01	1	7.8421e-01	1.0380e+03
White matter          	8	4.0782e+01	1	4.7770e-01	1.0380e+03
Cartilage             	11	4.4407e+01	1	6.2726e-01	1.0970e+03
Cerebellum            	12	5.3306e+01	1	1.0865e+00	1.0380e+03
CSF                    	13	6.9938e+01	1	2.2902e+00	1.0072e+03
Commissura_anterior    	14	4.0782e+01	1	4.7770e-01	1.0410e+03
Commissura_posterior   	15	4.0782e+01	1	4.7770e-01	1.0410e+03
Connective_tissue      	16	4.7056e+01	1	5.8590e-01	1.0270e+03
Cornea                 	17	5.7662e+01	1	1.2375e+00	1.0760e+03
Ear_cartilage          	19	4.4407e+01	1	6.2726e-01	1.0970e+03
Ear_skin               	20	4.4567e+01	1	7.3287e-01	1.1250e+03
Esophagus              	22	6.7105e+01	1	1.0403e+00	1.0400e+03
Eye_lens               	23	4.7912e+01	1	6.9287e-01	1.0530e+03
Air_esophagus          	24	1.0000e+00	1	0.0000e+00	1.2930e+00
Eye_Sclera             	25	5.7234e+01	1	1.0408e+00	1.0260e+03
Eye_vitreous_humor     	26	6.8983e+01	1	1.5481e+00	1.0089e+03
Fat                    	27	1.1573e+01	1	8.5656e-02	9.1600e+02
Hippocampus            	31	5.5509e+01	1	7.8421e-01	1.0450e+03
Hypophysis             	32	6.1298e+01	1	9.0751e-01	1.0530e+03
Hypothalamus           	33	5.5509e+01	1	7.8421e-01	1.0530e+03
Intervertebral_disc    	34	4.4407e+01	1	6.2726e-01	1.1000e+03
Larynx                 	39	4.4407e+01	1	6.2726e-01	1.1000e+03
Lung                   	41	2.3085e+01	1	3.9305e-01	2.6000e+02
Mandible               	42	1.2897e+01	1	1.0217e-01	1.9080e+03
Marrow_red             	43	1.1760e+01	1	1.9104e-01	1.0400e+03
Medulla_oblongata      	44	5.3306e+01	1	1.0865e+00	1.0460e+03
Midbrain               	46	5.3306e+01	1	1.0865e+00	1.0460e+03
Mucosa                 	47	4.8361e+01	1	7.0848e-01	1.0400e+03
Muscle                 	48	5.6765e+01	1	8.2843e-01	1.0469e+03
Nerve                  	49	3.4256e+01	1	4.7605e-01	1.0380e+03
Pharynx                	53	1.0000e+00	1	0.0000e+00	1.2930e+00
Pinealbody             	54	6.1298e+01	1	9.0751e-01	1.0530e+03
Pons                   	55	5.3306e+01	1	1.0865e+00	1.0460e+03
SAT                    	57	1.1573e+01	1	8.5656e-02	9.1100e+02
Skin                   	58	4.4567e+01	1	7.3287e-01	1.1250e+03
Skull                  	59	1.2897e+01	1	1.0217e-01	1.9200e+03
Spinal cord            	62	3.4256e+01	1	4.7605e-01	1.0750e+03
Teeth                  	66	1.2897e+01	1	1.0217e-01	2.1600e+03
Tendon_Ligament        	67	4.7056e+01	1	5.8590e-01	1.2200e+03
Thalamus               	69	5.5509e+01	1	7.8421e-01	1.0450e+03
Thyroid_gland          	71	6.1298e+01	1	9.0751e-01	1.0500e+03
Tongue                 	72	5.6713e+01	1	8.0752e-01	1.0900e+03
Trachea                	73	4.3329e+01	1	6.6487e-01	1.0800e+03
Air_trachea            	74	1.0000e+00	1	0.0000e+00	1.2930e+00
Vein                   	76	6.3654e+01	1	1.3922e+00	1.0400e+03
Vertebrae              	77	1.2897e+01	1	1.0217e-01	1.9080e+03
Tumor                  	80	5.6605e+01	1	8.5262e-01	1.0560e+03
Water (debye-15C)   	81	8.3795e+01	1	9.4534e-02	1.0000e+03
Salt_water (debye-23C) 	82	7.7240e+01	1	1.5241e+00	1.0076e+03
//-tissuename(cst)---tissueid#-----eps[]-------mu[]------sigma[S/m]----massdens[kg/m3]					
//-Model: duke-neck	//-Frequency: 0.525GHz					
