Air_exterior          	1	1.0000e+00	1	0.0000e+00	1.2930e+00
Air_internal          	2	1.0000e+00	1	0.0000e+00	1.2930e+00
BloodA                	3	6.0769e+01	1	1.5094e+00	1.0400e+03
Blood_vessels         	5	4.4897e+01	1	6.8207e-01	1.0400e+03
Bones                 	6	1.2504e+01	1	1.3762e-01	1.9900e+03
Gray Matter           	7	5.2973e+01	1	9.2352e-01	1.0380e+03
White matter          	8	3.9060e+01	1	5.7716e-01	1.0380e+03
Cartilage             	11	4.2842e+01	1	7.6133e-01	1.0970e+03
Cerebellum            	12	4.9754e+01	1	1.2435e+00	1.0380e+03
CSF                    	13	6.7779e+01	1	2.3212e+00	1.0072e+03
Commissura_anterior    	14	3.9060e+01	1	5.7716e-01	1.0410e+03
Commissura_posterior   	15	3.9060e+01	1	5.7716e-01	1.0410e+03
Connective_tissue      	16	4.5696e+01	1	7.0638e-01	1.0270e+03
Cornea                 	17	5.5460e+01	1	1.3752e+00	1.0760e+03
Ear_cartilage          	19	4.2842e+01	1	7.6133e-01	1.0970e+03
Ear_skin               	20	4.1656e+01	1	8.5228e-01	1.1250e+03
Esophagus              	22	6.4600e+01	1	1.1659e+00	1.0400e+03
Eye_lens               	23	4.6283e+01	1	7.8042e-01	1.0530e+03
Air_esophagus          	24	1.0000e+00	1	0.0000e+00	1.2930e+00
Eye_Sclera             	25	5.4775e+01	1	1.1430e+00	1.0260e+03
Eye_vitreous_humor     	26	6.8914e+01	1	1.6219e+00	1.0089e+03
Fat                    	27	1.1316e+01	1	1.0686e-01	9.1600e+02
Hippocampus            	31	5.2973e+01	1	9.2352e-01	1.0450e+03
Hypophysis             	32	5.9366e+01	1	1.0234e+00	1.0530e+03
Hypothalamus           	33	5.2973e+01	1	9.2352e-01	1.0530e+03
Intervertebral_disc    	34	4.2842e+01	1	7.6133e-01	1.1000e+03
Larynx                 	39	4.2842e+01	1	7.6133e-01	1.1000e+03
Lung                   	41	2.2097e+01	1	4.4915e-01	2.6000e+02
Mandible               	42	1.2504e+01	1	1.3762e-01	1.9080e+03
Marrow_red             	43	1.1215e+01	1	2.2396e-01	1.0400e+03
Medulla_oblongata      	44	4.9754e+01	1	1.2435e+00	1.0460e+03
Midbrain               	46	4.9754e+01	1	1.2435e+00	1.0460e+03
Mucosa                 	47	4.6287e+01	1	8.2805e-01	1.0400e+03
Muscle                 	48	5.4592e+01	1	9.2257e-01	1.0469e+03
Nerve                  	49	3.2685e+01	1	5.6223e-01	1.0380e+03
Pharynx                	53	1.0000e+00	1	0.0000e+00	1.2930e+00
Pinealbody             	54	5.9366e+01	1	1.0234e+00	1.0530e+03
Pons                   	55	4.9754e+01	1	1.2435e+00	1.0460e+03
SAT                    	57	1.1316e+01	1	1.0686e-01	9.1100e+02
Skin                   	58	4.1656e+01	1	8.5228e-01	1.1250e+03
Skull                  	59	1.2504e+01	1	1.3762e-01	1.9200e+03
Spinal cord            	62	3.2685e+01	1	5.6223e-01	1.0750e+03
Teeth                  	66	1.2504e+01	1	1.3762e-01	2.1600e+03
Tendon_Ligament        	67	4.5696e+01	1	7.0638e-01	1.2200e+03
Thalamus               	69	5.2973e+01	1	9.2352e-01	1.0450e+03
Thyroid_gland          	71	5.9366e+01	1	1.0234e+00	1.0500e+03
Tongue                 	72	5.5419e+01	1	9.1897e-01	1.0900e+03
Trachea                	73	4.2141e+01	1	7.5722e-01	1.0800e+03
Air_trachea            	74	1.0000e+00	1	0.0000e+00	1.2930e+00
Vein                   	76	6.0769e+01	1	1.5094e+00	1.0400e+03
Vertebrae              	77	1.2504e+01	1	1.3762e-01	1.9080e+03
Tumor                  	80	5.6373e+01	1	9.4576e-01	1.0560e+03
Water (debye-15C)   	81	8.3576e+01	1	2.4747e-01	1.0000e+03
Salt_water (debye-23C) 	82	7.7110e+01	1	1.5242e+00	1.0076e+03
//-tissuename(cst)---tissueid#-----eps[]-------mu[]------sigma[S/m]----massdens[kg/m3]					
//-Model: duke-neck	//-Frequency: 0.85GHz					
