Air_exterior          	1	1.0000e+00	1	0.0000e+00	1.2930e+00
Air_internal          	2	1.0000e+00	1	0.0000e+00	1.2930e+00
BloodA                	3	6.3132e+01	1	1.4125e+00	1.0400e+03
Blood_vessels         	5	4.5837e+01	1	6.0120e-01	1.0400e+03
Bones                 	6	1.2824e+01	1	1.0697e-01	1.9900e+03
Gray Matter           	7	5.4987e+01	1	8.0422e-01	1.0380e+03
White matter          	8	4.0431e+01	1	4.9189e-01	1.0380e+03
Cartilage             	11	4.4108e+01	1	6.4540e-01	1.0970e+03
Cerebellum            	12	5.2569e+01	1	1.1101e+00	1.0380e+03
CSF                    	13	6.9413e+01	1	2.2977e+00	1.0072e+03
Commissura_anterior    	14	4.0431e+01	1	4.9189e-01	1.0410e+03
Commissura_posterior   	15	4.0431e+01	1	4.9189e-01	1.0410e+03
Connective_tissue      	16	4.6851e+01	1	6.0239e-01	1.0270e+03
Cornea                 	17	5.7219e+01	1	1.2569e+00	1.0760e+03
Ear_cartilage          	19	4.4108e+01	1	6.4540e-01	1.0970e+03
Ear_skin               	20	4.3957e+01	1	7.5129e-01	1.1250e+03
Esophagus              	22	6.6681e+01	1	1.0605e+00	1.0400e+03
Eye_lens               	23	4.7642e+01	1	7.0658e-01	1.0530e+03
Air_esophagus          	24	1.0000e+00	1	0.0000e+00	1.2930e+00
Eye_Sclera             	25	5.6793e+01	1	1.0584e+00	1.0260e+03
Eye_vitreous_humor     	26	6.8974e+01	1	1.5572e+00	1.0089e+03
Fat                    	27	1.1534e+01	1	8.8609e-02	9.1600e+02
Hippocampus            	31	5.4987e+01	1	8.0422e-01	1.0450e+03
Hypophysis             	32	6.0989e+01	1	9.2510e-01	1.0530e+03
Hypothalamus           	33	5.4987e+01	1	8.0422e-01	1.0530e+03
Intervertebral_disc    	34	4.4108e+01	1	6.4540e-01	1.1000e+03
Larynx                 	39	4.4108e+01	1	6.4540e-01	1.1000e+03
Lung                   	41	2.2885e+01	1	4.0110e-01	2.6000e+02
Mandible               	42	1.2824e+01	1	1.0697e-01	1.9080e+03
Marrow_red             	43	1.1672e+01	1	1.9600e-01	1.0400e+03
Medulla_oblongata      	44	5.2569e+01	1	1.1101e+00	1.0460e+03
Midbrain               	46	5.2569e+01	1	1.1101e+00	1.0460e+03
Mucosa                 	47	4.7941e+01	1	7.2561e-01	1.0400e+03
Muscle                 	48	5.6381e+01	1	8.4440e-01	1.0469e+03
Nerve                  	49	3.3938e+01	1	4.8855e-01	1.0380e+03
Pharynx                	53	1.0000e+00	1	0.0000e+00	1.2930e+00
Pinealbody             	54	6.0989e+01	1	9.2510e-01	1.0530e+03
Pons                   	55	5.2569e+01	1	1.1101e+00	1.0460e+03
SAT                    	57	1.1534e+01	1	8.8609e-02	9.1100e+02
Skin                   	58	4.3957e+01	1	7.5129e-01	1.1250e+03
Skull                  	59	1.2824e+01	1	1.0697e-01	1.9200e+03
Spinal cord            	62	3.3938e+01	1	4.8855e-01	1.0750e+03
Teeth                  	66	1.2824e+01	1	1.0697e-01	2.1600e+03
Tendon_Ligament        	67	4.6851e+01	1	6.0239e-01	1.2200e+03
Thalamus               	69	5.4987e+01	1	8.0422e-01	1.0450e+03
Thyroid_gland          	71	6.0989e+01	1	9.2510e-01	1.0500e+03
Tongue                 	72	5.6454e+01	1	8.2252e-01	1.0900e+03
Trachea                	73	4.3092e+01	1	6.7749e-01	1.0800e+03
Air_trachea            	74	1.0000e+00	1	0.0000e+00	1.2930e+00
Vein                   	76	6.3132e+01	1	1.4125e+00	1.0400e+03
Vertebrae              	77	1.2824e+01	1	1.0697e-01	1.9080e+03
Tumor                  	80	5.6576e+01	1	8.6417e-01	1.0560e+03
Water (debye-15C)   	81	8.3768e+01	1	1.1340e-01	1.0000e+03
Salt_water (debye-23C) 	82	7.7205e+01	1	1.5241e+00	1.0076e+03
//-tissuename(cst)---tissueid#-----eps[]-------mu[]------sigma[S/m]----massdens[kg/m3]					
//-Model: duke-neck	//-Frequency: 0.575GHz					
